71 1676180796
65 1676180796
74 1676180796
65 1676180796
68 1676180796
64 1676180796
64 1676180796
73 1676180796
71 1676180796
19 1676180796
76 1676180797
67 1676180797
73 1676180797
69 1676180797
64 1676180797
65 1676180797
66 1676180797
69 1676180797
39 1676180797
64 1676180797
72 1676180797
71 1676180797
73 1676180797
65 1676180797
76 1676180797
67 1676180797
65 1676180797
70 1676180797
51 1676180797
64 1676180797
65 1676180798
67 1676180798
74 1676180798
80 1676180798
75 1676180798
73 1676180798
70 1676180798
65 1676180798
39 1676180798
66 1676180798
64 1676180799
75 1676180799
68 1676180799
72 1676180799
76 1676180799
71 1676180799
39 1676180799
64 1676180799
66 1676180799
76 1676180799
72 1676180799
72 1676180799
74 1676180799
65 1676180799
64 1676180799
71 1676180799
39 1676180799
64 1676180799
73 1676180799
75 1676180799
73 1676180800
73 1676180800
64 1676180800
64 1676180800
76 1676180800
74 1676180800
50 1676180800
64 1676180800
73 1676180800
71 1676180800
64 1676180801
68 1676180801
65 1676180801
70 1676180801
64 1676180801
66 1676180801
38 1676180801
74 1676180801
74 1676180801
65 1676180801
73 1676180801
72 1676180801
65 1676180801
70 1676180801
71 1676180801
51 1676180801
69 1676180801
66 1676180801
64 1676180801
64 1676180801
75 1676180802
74 1676180802
74 1676180802
64 1676180802
38 1676180802
66 1676180802
64 1676180802
70 1676180802
74 1676180802
67 1676180802
64 1676180802
69 1676180802
64 1676180802
38 1676180802
74 1676180802
64 1676180802
70 1676180802
74 1676180802
73 1676180802
80 1676180802
66 1676180803
73 1676180803
27 1676180803
66 1676180803
73 1676180803
72 1676180803
67 1676180803
76 1676180803
65 1676180803
68 1676180803
67 1676180804
38 1676180804
73 1676180804
68 1676180804
64 1676180804
72 1676180804
74 1676180804
64 1676180804
64 1676180804
67 1676180804
71 1676180804
35 1676180804
73 1676180804
64 1676180804
68 1676180804
37 1676180804
74 1676180804
71 1676180804
64 1676180804
69 1676180804
71 1676180804
38 1676180804
21 1676180804
76 1676180804
66 1676180804
72 1676180804
73 1676180804
66 1676180804
68 1676180804
72 1676180804
64 1676180805
37 1676180805
64 1676180805
71 1676180805
64 1676180805
67 1676180805
69 1676180805
69 1676180805
64 1676180805
69 1676180805
38 1676180805
73 1676180805
64 1676180805
67 1676180805
75 1676180805
75 1676180805
69 1676180805
65 1676180805
68 1676180805
39 1676180805
76 1676180806
71 1676180806
64 1676180806
75 1676180806
64 1676180806
74 1676180806
65 1676180806
68 1676180806
39 1676180806
74 1676180806
38 1676180851
64 1676180851
76 1676180851
71 1676180851
67 1676180851
70 1676180851
81 1676180851
64 1676180851
72 1676180851
74 1676180851
21 1676896151
73 1676896151
66 1676896151
74 1676896151
74 1676896151
76 1676896151
70 1676896151
70 1676896151
65 1676896151
39 1676896151
68 1676896154
67 1676896154
64 1676896154
76 1676896154
71 1676896154
64 1676896154
74 1676896154
64 1676896154
39 1676896154
68 1676896154
65 1676896155
70 1676896155
67 1676896155
65 1676896155
74 1676896155
80 1676896155
76 1676896155
64 1676896155
39 1676896155
70 1676896155
64 1676896157
72 1676896157
66 1676896157
64 1676896157
76 1676896157
65 1676896157
72 1676896157
64 1676896157
58 1676896157
68 1676896157
70 1676896158
70 1676896158
65 1676896158
72 1676896158
70 1676896158
70 1676896158
69 1676896158
39 1676896158
73 1676896158
72 1676896158
70 1676896158
67 1676896158
67 1676896158
72 1676896158
64 1676896158
70 1676896158
67 1676896158
59 1676896158
39 1676896158
66 1676896158
70 1676896159
66 1676896159
64 1676896159
75 1676896159
64 1676896159
71 1676896159
64 1676896159
72 1676896159
78 1676896159
66 1676896159
39 1676896161
68 1676896161
72 1676896161
69 1676896161
75 1676896161
69 1676896161
38 1676896161
70 1676896161
70 1676896161
67 1676896161
71 1676896164
66 1676896164
65 1676896164
71 1676896164
64 1676896164
67 1676896164
37 1676896164
73 1676896164
68 1676896164
72 1676896164
39 1676896165
64 1676896165
73 1676896165
65 1676896165
76 1676896165
76 1676896165
67 1676896165
65 1676896165
72 1676896165
71 1676896165
37 1676896166
72 1676896166
69 1676896166
38 1676896166
80 1676896166
67 1676896166
64 1676896166
76 1676896166
76 1676896166
74 1676896166
76 1676896166
71 1676896166
39 1676896166
72 1676896166
68 1676896166
53 1676896166
73 1676896166
38 1676896166
64 1676896166
68 1676896166
65 1676896167
64 1676896167
66 1676896167
76 1676896167
71 1676896167
66 1676896167
69 1676896167
23 1676896167
71 1676896167
68 1676896167
69 1676896168
66 1676896168
66 1676896168
71 1676896168
65 1676896168
72 1676896168
38 1676896168
65 1676896168
67 1676896168
68 1676896168
75 1676896168
64 1676896168
64 1676896168
64 1676896168
49 1676896168
69 1676896168
74 1676896168
70 1676896168
76 1676896168
76 1676896168
66 1676896169
76 1676896169
67 1676896169
72 1676896169
39 1676896169
64 1676896169
69 1676896169
73 1676896169
66 1676896169
75 1676896169
76 1676896169
69 1676896169
73 1676896169
71 1676896169
43 1676896169
67 1676896169
74 1676896169
69 1676896169
70 1676896169
75 1676896169
64 1676896170
66 1676896170
73 1676896170
64 1676896170
37 1676896170
69 1676896170
76 1676896170
72 1676896170
70 1676896170
69 1676896170
71 1676896171
73 1676896171
4 1676896171
39 1676896171
75 1676896171
72 1676896171
73 1676896171
65 1676896171
67 1676896171
71 1676896171
74 1676896171
74 1676896171
73 1676896171
37 1676896171
68 1676896171
69 1676896171
76 1676896171
64 1676896171
74 1676896171
75 1676896171
67 1676896172
69 1676896172
70 1676896172
80 1676896172
39 1676896172
72 1676896172
69 1676896172
74 1676896172
76 1676896172
72 1676896172
64 1676896172
75 1676896172
66 1676896172
71 1676896172
39 1676896172
73 1676896172
76 1676896172
76 1676896172
76 1676896172
65 1676896172
65 1676896173
76 1676896173
67 1676896173
39 1676896173
69 1676896173
75 1676896173
75 1676896173
72 1676896173
70 1676896173
67 1676896173
72 1676896174
76 1676896174
74 1676896174
21 1676896174
72 1676896174
76 1676896174
73 1676896174
64 1676896174
68 1676896174
70 1676896174
39 1676896175
71 1676896175
66 1676896175
64 1676896175
67 1676896175
72 1676896175
64 1676896175
69 1676896175
71 1676896175
67 1676896175
39 1676896176
71 1676896176
70 1676896176
66 1676896176
69 1676896176
69 1676896176
70 1676896176
74 1676896176
76 1676896176
41 1676896176
